0.0000000000 0.0000000000 
0.0000050000 0.0999999940 
0.0000100000 0.1999999881 
0.0000150000 0.2999999821 
0.0000200000 0.3999999762 
0.0000250000 0.5000000000 
0.0000300000 0.5999999642 
0.0000350000 0.7000000477 
0.0000400000 0.8000000715 
0.0000450000 0.9000000954 
0.0000500000 1.0000001192 
0.0000550000 1.1000001431 
0.0000600000 1.2000001669 
0.0000650000 1.3000001907 
0.0000700000 1.4000002146 
0.0000750000 1.5000002384 
0.0000800000 1.6000002623 
0.0000850000 1.7000002861 
0.0000900000 1.8000003099 
0.0000950000 1.9000003338 
0.0001000000 2.0000004768 
0.0001050000 2.1000003815 
0.0001100000 2.2000005245 
0.0001150000 2.3000004292 
0.0001200000 2.4000005722 
0.0001250000 2.5000004768 
0.0001300000 2.6000003815 
0.0001350000 2.7000002861 
0.0001400000 2.8000001907 
0.0001450000 2.8999998569 
0.0001500000 2.9999997616 
0.0001550000 3.0999996662 
0.0001600000 3.1999995708 
0.0001650000 3.2999994755 
0.0001700000 3.3999993801 
0.0001750000 3.4999992847 
0.0001800000 3.5999991894 
0.0001850000 3.6999990940 
0.0001899999 3.7999989986 
0.0001949999 3.8999989033 
0.0001999999 3.9999988079 
0.0002049999 4.0999984741 
0.0002099999 4.1999983788 
0.0002149999 4.2999982834 
0.0002199999 4.3999981880 
0.0002249999 4.4999980927 
0.0002299999 4.5999979973 
0.0002349999 4.6999979019 
0.0002399999 4.7999978065 
0.0002449999 4.8999977112 
0.0002499999 4.9999980927 
0.0002549999 4.9000020027 
0.0002599999 4.8000016212 
0.0002649999 4.7000017166 
0.0002699999 4.6000013351 
0.0002749999 4.5000014305 
0.0002799999 4.4000010490 
0.0002850000 4.3000006676 
0.0002900000 4.2000007629 
0.0002950000 4.1000003815 
0.0003000000 4.0000004768 
0.0003050000 3.9000000954 
0.0003100000 3.7999999523 
0.0003150000 3.6999998093 
0.0003200000 3.5999996662 
0.0003250000 3.4999992847 
0.0003300000 3.3999991417 
0.0003350000 3.2999989986 
0.0003400001 3.1999988556 
0.0003450001 3.0999987125 
0.0003500001 2.9999985695 
0.0003550001 2.8999984264 
0.0003600001 2.7999980450 
0.0003650001 2.6999979019 
0.0003700001 2.5999977589 
0.0003750001 2.4999976158 
0.0003800001 2.3999974728 
0.0003850001 2.2999973297 
0.0003900001 2.1999971867 
0.0003950002 2.0999968052 
0.0004000002 1.9999966621 
0.0004050002 1.8999965191 
0.0004100002 1.7999963760 
0.0004150002 1.6999961138 
0.0004200002 1.5999959707 
0.0004250002 1.4999958277 
0.0004300002 1.3999956846 
0.0004350002 1.2999954224 
0.0004400002 1.1999952793 
0.0004450002 1.0999951363 
0.0004500003 0.9999949336 
0.0004550003 0.8999947309 
0.0004600003 0.7999945283 
0.0004650003 0.6999943852 
0.0004700003 0.5999941826 
0.0004750003 0.4999940097 
0.0004800003 0.3999938369 
0.0004850003 0.2999936640 
0.0004900003 0.1999940574 
0.0004950003 0.0999944657 
0.0005000003 -0.0000096728 
0.0005050002 -0.1884734631 
0.0005100002 -0.3767512441 
0.0005150002 -0.5646572709 
0.0005200002 -0.7520059943 
0.0005250002 -0.9386125803 
0.0005300001 -1.1242929697 
0.0005350001 -1.3088637590 
0.0005400001 -1.4921427965 
0.0005450001 -1.6739493608 
0.0005500001 -1.8541039228 
0.0005550000 -2.0324287415 
0.0005600000 -2.2087478638 
0.0005650000 -2.3828871250 
0.0005700000 -2.5546748638 
0.0005750000 -2.7239415646 
0.0005799999 -2.8905198574 
0.0005849999 -3.0542457104 
0.0005899999 -3.2149574757 
0.0005949999 -3.3724963665 
0.0005999999 -3.5267071724 
0.0006049998 -3.6774373055 
0.0006099998 -3.8245384693 
0.0006149998 -3.9678654671 
0.0006199998 -4.1072764397 
0.0006249998 -4.2426342964 
0.0006299997 -4.3738050461 
0.0006349997 -4.5006594658 
0.0006399997 -4.6230721474 
0.0006449997 -4.7409224510 
0.0006499997 -4.8540940285 
0.0006549996 -4.9624757767 
0.0006599996 -5.0659599304 
0.0006649996 -5.1644444466 
0.0006699996 -5.2578325272 
0.0006749996 -5.3460316658 
0.0006799995 -5.4289546013 
0.0006849995 -5.5065202713 
0.0006899995 -5.5786519051 
0.0006949995 -5.6452779770 
0.0006999995 -5.7063326836 
0.0007049994 -5.7617559433 
0.0007099994 -5.8114933968 
0.0007149994 -5.8554954529 
0.0007199994 -5.8937191963 
0.0007249994 -5.9261260033 
0.0007299993 -5.9526848793 
0.0007349993 -5.9733691216 
0.0007399993 -5.9881587029 
0.0007449993 -5.9970383644 
0.0007499992 -6.0000000000 
0.0007549992 -5.9970402718 
0.0007599992 -5.9881620407 
0.0007649992 -5.9733748436 
0.0007699992 -5.9526920319 
0.0007749991 -5.9261350632 
0.0007799991 -5.8937296867 
0.0007849991 -5.8555078506 
0.0007899991 -5.8115077019 
0.0007949991 -5.7617716789 
0.0007999990 -5.7063503265 
0.0008049990 -5.6452970505 
0.0008099990 -5.5786728859 
0.0008149990 -5.5065426826 
0.0008199990 -5.4289789200 
0.0008249989 -5.3460569382 
0.0008299989 -5.2578597069 
0.0008349989 -5.1644730568 
0.0008399989 -5.0659899712 
0.0008449989 -4.9625072479 
0.0008499988 -4.8541274071 
0.0008549988 -4.7409572601 
0.0008599988 -4.6231079102 
0.0008649988 -4.5006966591 
0.0008699988 -4.3738436699 
0.0008749987 -4.2426738739 
0.0008799987 -4.1073174477 
0.0008849987 -3.9679076672 
0.0008899987 -3.8245820999 
0.0008949987 -3.6774821281 
0.0008999986 -3.5267527103 
0.0009049986 -3.3725430965 
0.0009099986 -3.2150051594 
0.0009149986 -3.0542943478 
0.0009199986 -2.8905694485 
0.0009249985 -2.7239918709 
0.0009299985 -2.5547261238 
0.0009349985 -2.3829391003 
0.0009399985 -2.2088003159 
0.0009449985 -2.0324819088 
0.0009499984 -1.8541576862 
0.0009549984 -1.6740037203 
0.0009599984 -1.4921976328 
0.0009649984 -1.3089189529 
0.0009699984 -1.1243485212 
0.0009749983 -0.9386684895 
0.0009799984 -0.7520599365 
0.0009849984 -0.5647091866 
0.0009899985 -0.3768011332 
0.0009949985 -0.1885212213 
0.0009999985 -0.0000552632 
